2 10 0
0   100   100   100   88   99   10   20   30   40
100 0     35    25    77   105  25   35   45   55
100 35    0     30    66   101  26   36   46   56
100 25    30    0     55   102  12   32   43   54
88  77    66    55    0    107  65   76   87   98
99  105   101   102   107  0    21   43   54   34
10  25    26    12    65   21   0    13   24   35
20  35    36    32    76   43   13   0    46   57
30  45    46    43    87   54   24   46   0    10
40  55    56    54    98   34   35   57   10   0
